FRAME	MONITOR		RIFT

197		115 		9**
198		131			9**
199		
200		181			9**		181
201		198			0**		198
202		215			0**
203		231			0**
204		
205		281			0**		181
206		298			1**		198
207		314			1**
208		331			1**
209		
210		380			1**		180
211		398			2**		198
212		415			2**
213		431			2**
214		
215		481			2**		181
216		498			3**		198
217		515			3**
218		531			3**
219		
220		581			3**		181
221		598			4**		198
222		615			4**
223		631			4**
224		
225		681			4**		181
226		698			5**		198
227		715			5**
228		731			5**
229		
230		781			5**
231		798			5**		198
232		815			6**		215
233		831			6**
234		
235		880			6**
236		898			6**		198
237		915			7**		215
238		931			7**
239		
240		981			7**		181
241		998			8**		198
242		015			8**
243		030			8**
244		
245		081			8**
246		098			8**		198
247		115			9**		215
248		131			9**
249		
250		181			9**
251		198			9**		198
252		214			0**		214

256		298			0**
257		315			1**

260		381			1**
261		398			2**

